6460	4623	4006	2381	6285
6895	4856	7049	9719	8224
5912	1238	1600	1317	4592
6140	5617	3028	4375	5910
3808	1090	1786	9237	3304
2062	8865	3540	3942	9863
9947	3737	9798	4543	2072
191	5061	5148	256	2530
6021	8698	196	1404	9575
723	7891	5512	3596	2349
5736	4978	8391	4278	5704
5154	64	5432	4057	4016
4445	9784	6572	5115	5819
9960	1732	442	7470	6168
8041	882	6318	5988	2769
3799	7209	1842	1292	6706
101	1002	3428	3764	9185
834	1331	3246	1913	4519
4548	2211	8337	316	4379
1472	5378	8427	8605	9812
4566	1274	3954	7141	7452
351	7860	4339	4951	7690
5563	3508	9282	1100	3581
3522	8201	7197	7942	893
1960	2440	1979	6706	3552
4695	1861	3412	7729	3227
7664	5364	7538	4478	1422
8403	329	6229	893	3188
3136	185	3460	4809	7
9927	2142	1164	307	2557
6287	4743	8954	7222	7607
2352	251	8554	3307	3227
640	9326	7622	9174	2758
8792	5950	1471	8111	7890
1864	5227	6118	4801	7638
8664	5041	1937	3749	4744
110	7964	5093	6610	6598
32	2915	9210	1398	9037
7520	7933	8918	6114	2303
4905	1031	2863	5700	9585
9790	3043	2921	5158	4458
3617	4096	5232	1519	8679
8384	1877	1155	2503	7292
3360	4525	7090	254	9513
8162	6574	1510	6836	373
6899	5223	9267	1203	7482
1515	6612	2649	4739	2589
1344	4385	9093	6834	2982
3047	36	2781	861	8863
9563	1823	6553	2923	1119
3584	1550	4014	6740	6738
2244	3963	1191	6834	9962
5400	6703	8182	5422	7470
8922	1594	2430	2961	1952
8057	8227	7735	1983	5638
4440	8630	7514	3647	9472
3350	5470	6992	906	2675
137	1850	9179	2157	6147
4548	8222	8201	2930	2314
9086	4452	147	9928	2270
613	2110	6486	2537	1523
854	9951	9447	6074	1281
8165	4557	3610	1649	2500
3654	9352	2831	100	3165
2524	6003	9531	3876	6044
1247	5704	3170	8475	1580
7238	3397	6011	41	8909
7970	4512	5785	5551	1696
3381	6425	9851	6799	7358
3896	1085	1153	6314	2421
4985	6151	7961	4539	934
1970	1769	4788	5456	491
5737	3165	8401	2242	5685
7057	1936	2604	6769	5238
4301	8801	9979	2262	5299
5185	8625	2392	8749	1518
9517	7638	4805	5746	7072
8285	2436	1408	6828	8457
7698	1436	5565	5505	4587
3405	8132	5525	8174	1052
5410	5101	8259	1464	6814
6069	9806	9545	3515	1196
1976	3435	8714	3374	6782
3209	4676	3744	7600	9780
5717	5357	6009	7479	1215
9187	2637	3237	7640	3019
5664	482	3426	1743	7685
5475	1692	8126	58	445
4095	4760	1498	2949	4819
2700	1971	6422	3404	742
5614	1935	2657	6820	9102
9606	8887	6210	521	686
921	856	660	6678	947
5189	7812	6448	488	336
2777	3445	9564	3568	822
3070	8111	5360	7610	8860
4433	3961	2696	7150	3166
3922	6099	7022	4156	5423
9297	8742	6222	8970	7693
6316	6083	8182	6483	5344
6072	4942	7522	1879	8826
2255	7986	7530	4464	9004
3948	2867	8721	4996	5722
6887	1452	4226	859	290
4967	1220	3952	6911	900
4547	2599	8557	5775	368
3762	1838	1231	3156	2004
8593	4450	4164	4935	432
7419	8170	1539	4742	8780
5863	9473	5314	1004	9595
5613	6596	1231	7549	732
2442	1111	1792	8384	7094
8361	8004	2232	4498	1810
776	1062	1508	3895	7626
7548	164	2108	5890	5885
153	6824	1985	9213	2393
7541	6813	1230	4142	3775
9745	6041	8393	4959	7749
8436	5190	5521	7427	172
398	7287	4579	2034	5718
9399	7463	7307	3749	7419
7750	7149	8019	4990	443
1401	2580	9131	4526	1097
8144	399	6312	4717	5881
2451	4035	4079	8170	1549
7477	1135	2058	6168	6319
4520	9856	9238	7352	2808
7685	6161	8393	8012	4485
1261	2020	4912	5223	2465
9406	6590	4900	7264	2571
8242	8590	4946	6761	8027
181	9770	5251	4454	3801
1904	2294	4868	6392	372
3266	8991	4947	5025	5567
8136	4700	4647	7633	1769
7535	272	9788	8391	9147
2370	2687	1190	2773	4506
1229	9805	1884	9794	9090
950	1302	1127	1047	4880
3799	7222	3446	4685	1826
6847	3166	935	1202	8899
7591	5312	6625	6399	4431
6680	5427	1404	4180	9795
8125	5910	9346	8478	1385
1432	8682	7504	6879	7061
1087	1267	2669	5583	5551
423	4759	4153	4192	3685
5400	779	6572	8495	566
9496	4859	1334	9771	7159
7793	8901	3837	356	2115
2319	9945	6221	9755	4811
7994	6802	3846	3405	8318
4840	106	5644	4003	1116
7865	2111	6583	5197	1153
8824	7472	2121	4292	6470
5510	6456	349	3624	2308
1297	4433	3460	8444	469
7307	7730	6003	8078	7896
2653	1196	2658	5825	8083
8814	112	3855	878	4716
2276	8632	4560	6625	9903
4482	6137	9487	5555	9190
1591	5367	7519	7631	8063
3257	6969	3573	3246	7306
5536	3722	1101	2321	8752
4611	5278	9812	3796	992
1864	6995	9570	3000	7159
1225	29	7609	9698	5884
170	8381	1998	2054	8179
9468	199	315	3021	1451
7521	9876	4953	2281	9464
153	6342	2078	4843	8772
2889	3101	7865	6476	6911
498	353	1029	8720	9024
9244	6112	9031	5665	8701
8267	6523	1810	6470	8769
2276	1883	9484	5393	7731
7650	6524	5961	6311	5074
1072	80	4250	720	8425
9286	2273	16	3667	1079
695	9628	8645	1589	5094
7668	9990	7345	5268	9606
4280	7093	3646	2136	1466
2248	2003	2389	893	8760
4033	5858	9502	2640	2335
4165	4113	7053	7193	9914
4049	6693	2496	2867	635
2308	1449	7395	5860	6379
7638	8487	2313	693	2502
5877	8192	9656	2232	3560
3003	1141	4811	8125	2241
373	9971	5591	3665	6729
1943	6907	3710	1422	5047
743	6159	4159	2547	4032
7078	3090	6979	5454	5282
5606	5920	4096	4750	1859
5117	2836	4189	6323	3195
3907	4123	3171	548	1670
1425	2680	1297	3942	9292
928	7529	2532	5560	5685
5658	6322	5809	7873	6150
7585	8090	4748	3031	2277
5495	8351	9351	3190	1593
1402	6485	4884	7151	9858
1302	8499	1993	7934	8621
7030	9898	4303	6970	8932
6779	1407	8364	9082	8456
2980	1055	9632	4289	1856
5756	9880	7378	16	8390
9108	908	4519	4604	4150
8146	464	6270	900	9351
5003	8305	3195	3515	2771
5074	4630	413	4400	7846
6435	8132	6945	8838	393
9190	6839	6253	7095	1169
1439	1083	5534	9466	6
7583	5804	2053	8976	3185
8433	5994	7473	6452	7547
5293	9953	2076	7544	3671
985	9330	3347	4430	1891
8523	8479	6462	6463	8366
5598	774	4128	2100	5916
6841	5790	6226	3646	691
7381	4243	3513	8007	6568
5858	7819	1522	3282	7505
9532	4776	6622	5743	8175
9457	5586	1887	5514	339
3418	1562	8127	1799	3457
1074	2464	3326	4750	1693
308	7069	826	2950	7582
4240	6409	5992	9263	7862
9290	7589	3757	2362	5657
1834	2751	1065	4652	1163
3443	2299	6574	9125	3760
5541	5727	6106	2663	182
1903	232	3699	9881	5073
734	8889	7674	8950	9670
1508	4809	7458	9493	8512
5032	345	2120	1123	9358
9696	9759	7907	481	2497
7559	2654	9597	574	8464
6690	1142	6342	5204	4162
4731	5848	5421	8525	8929
9397	1525	2853	2625	570
8331	8219	395	5830	976
4644	2102	5101	4297	940
4993	7751	8476	5108	4260
732	9907	2182	7559	2901
2109	6798	4464	4716	8425
9824	5657	3787	3282	5901
1608	4856	5355	2507	6723
2523	9709	1944	7395	6943
4375	5729	5470	6900	3865
1017	1441	7851	8075	23
363	4992	544	657	9886
3074	4543	2905	1	5985
8671	3526	2813	8213	6905
6616	9257	9708	1303	2524
9164	8983	6232	4920	9499
2662	651	2289	2824	2696
9896	3190	2874	4331	8553
2433	6047	2677	1247	2046
9948	440	6306	7658	9604
6580	4672	2346	2888	6742
3295	8116	214	8065	9478
1213	1310	7950	2226	1204
1799	3916	9745	9698	5842
9177	5142	3868	7781	9594
2634	4146	4874	9963	3262
5689	834	5575	303	625
9436	1623	9013	4810	8057
8860	3457	9570	9368	4726
5507	169	3845	8423	378
793	2017	954	1843	4392
3196	9993	5949	4454	5808
6749	8095	9589	314	3849
6817	1647	7560	154	9502
7561	1508	1165	6367	7186
5210	5408	8835	4836	1416
4765	1455	3604	4591	9056
5180	6368	2104	8242	6884
5251	3291	5855	4521	7686
1138	3720	7350	4330	654
7054	8559	1686	8476	8971
1125	3367	7701	5235	8481
6219	7323	981	4435	4428
9281	1168	7348	5277	5455
4442	2524	2925	3923	1890
5142	7777	9332	1819	8065
542	8142	9966	2612	2726
246	1475	7397	1438	2666
6026	4008	9648	3354	9185
8058	6649	2403	778	1844
4616	7173	5	3195	7760
7886	6333	5026	4356	6834
2671	6813	2847	5823	7440
4070	4559	8628	8716	5407
817	3433	1379	3971	9849
53	2173	5784	1158	4647
2909	2334	6809	5173	7126
3337	8206	2554	5451	6071
723	9306	2123	4378	7934
2832	9859	4661	9311	7240
3754	6696	9192	9939	6537
1711	2591	1742	5240	8500
8483	3457	4048	691	4172
7162	6421	1171	2607	4548
6651	7709	4057	8197	1872
1477	3532	7818	8187	1942
8815	3953	6939	7178	750
7246	4536	3110	922	6154
4890	4437	2769	6090	4648
4747	1668	6829	9393	5486
744	113	6918	9011	9847
7031	3582	4755	3067	5776
599	7308	1956	1459	3367
3889	3138	4748	9777	100
2884	5751	3478	8002	7047
5816	8702	5099	4362	6671
8474	9382	812	2301	8844
1459	3685	6969	3031	2105
4593	2581	1160	508	7217
1956	6773	9490	7037	6821
7586	2274	7210	5014	8508
5852	8715	7584	5596	8877
8777	8305	4903	244	5706
4525	3460	8932	7171	2873
4856	2967	633	6552	7953
3853	6446	8069	5414	6937
8070	8676	4094	2394	1851
6487	4574	9140	6179	453
7705	2124	7730	5713	3828
1463	5890	1456	6244	3851
2821	5034	3985	4693	1648
7180	9573	1490	6530	2526
6174	695	1699	8190	3987
5775	4065	8348	341	2321
1618	4263	6841	981	7820
3930	3133	5954	5776	1160
7097	9003	5350	7964	6802
2851	2828	5721	2337	8810
3766	268	2103	6201	2998
1221	321	6442	8727	2082
2577	6398	1708	2623	7685
1453	4599	694	1313	1582
6810	1684	8934	8689	1689
290	8592	9017	2953	5108
673	6386	7310	7176	7772
92	6908	1280	7309	6057
5150	5959	2292	9970	7394
5914	5280	608	6566	9926
3134	3545	8991	5178	2412
337	6193	5533	4084	5114
1272	3447	9262	2050	2815
3528	3182	7290	5684	2973
3982	643	8749	2520	6492
9533	9136	7446	8433	4456
9996	4596	7256	9624	3956
868	5634	9100	971	8391
6912	6973	20	5289	6212
2641	3177	6341	6060	4212
1344	4473	8000	4446	2639
585	2436	6831	1108	3458
6037	4344	7443	1559	5108
3755	1001	6588	706	8245
4674	3477	2901	8895	3209
4911	9406	7533	393	9680
9642	8950	944	1055	9803
1214	8749	3052	4151	7882
9132	4485	415	8557	592
6327	5059	1682	2205	71
311	2042	3485	2247	3108
978	7906	9842	9136	7257
7651	7113	5970	8789	4270
8811	3594	1676	3160	5453
2499	1095	4112	9962	5164
2383	3739	8159	3018	7293
2788	3256	4633	2345	8994
7400	6307	3569	3377	540
4404	6389	4199	5663	7438
2151	6351	9588	8594	3339
4599	2099	812	3901	483
621	5654	6079	1004	4689
6143	7021	3547	2517	7446
6394	6452	7176	6465	5246
3463	5118	4325	2928	8820
7527	2635	2134	5395	7327
5531	6857	5789	7511	174
3151	6547	8886	7677	3819
5106	33	7697	5092	9159
7939	810	9767	9062	9046
3377	9313	253	2966	6577
5509	6093	7373	9463	8565
2649	7452	7898	5842	5699
7327	6361	2713	8509	5397
6843	4633	4695	745	1957
6356	8684	7178	5868	5668
3296	1131	2540	3195	3871
8634	1827	681	3274	6486
1932	4018	6508	1848	4424
5144	8885	8736	9457	185
7191	6748	4632	8154	7560
5451	9238	5738	7957	7455
1993	5852	5741	5139	8179
8170	4084	7765	8845	2676
533	3413	3751	4695	8254
3351	4602	9613	1839	5809
5786	5618	1106	2285	6766
6494	6118	5971	9448	4737
7891	7629	7367	3335	6677
3868	3288	4722	2465	2806
4319	460	6115	5802	2379
4805	4650	6388	1308	2745
7153	2194	5252	3087	9855
3175	4727	4041	3010	5360
4830	4291	1690	9824	5095
1463	3329	8179	942	2174
7261	2734	9380	1174	4940
3542	5634	4844	7649	4787
4527	9722	7965	9092	9640
7465	2410	8296	6501	4138
9889	7789	475	1080	8541
8262	1714	4489	7839	7117
90	4853	4713	9619	2784
1266	3831	7286	8406	2135
3499	8418	1565	8538	9797
1261	4671	9522	5690	934
7034	3804	4440	1304	9650
9379	5689	5927	6866	4832
4881	530	5821	2257	4628
1944	794	4335	6054	4528
5729	6451	4316	4251	2277
4926	5935	3913	5398	4565
8098	1294	1804	5149	6959
1031	3720	2769	1131	9129
7276	2315	709	9133	2836
5948	5757	460	536	8715
1138	5984	8664	626	5990
1980	1465	8947	4650	4823
4469	9588	2224	8803	7675
8725	2586	4944	8989	9387
3225	1175	4043	8091	8727
7715	6849	2155	7794	1348
960	2765	5718	2089	1894
1298	9024	9833	2274	9503
1519	7825	5871	5916	1257
6054	7511	3406	4945	3539
591	8878	2015	140	4012
4074	1975	712	4508	8455
4466	9294	4427	7392	1098
1848	5998	3295	1745	5341
6439	8668	5587	7611	4085
4030	4520	3000	9418	4303
5913	2350	2023	5752	1652
713	4609	3242	9388	9589
8284	5875	4549	1727	8339
1799	5893	7237	913	4750
5775	2779	4221	8594	2687
9642	7591	831	1850	3386
4928	7225	5966	2782	1477
8965	4874	8512	829	7908
5010	1878	1823	1481	4627
4367	3645	3475	2040	5784
7722	2282	6291	8225	7779
193	3069	901	4348	8303
2668	996	8388	2271	3209
5668	2264	7764	4945	9278
3851	4168	4128	3415	598
4412	804	5520	2792	8400
2465	5304	8183	9266	348
2837	5221	86	933	8443
7666	2068	1067	4908	7086
2208	3903	6232	3559	9375
1896	33	4232	9029	1183
5593	4982	2890	1573	7225
7800	4565	4019	147	3124
5059	4879	6327	7052	1410
4869	6043	580	635	6733
7759	1440	938	4807	666
9019	5955	8460	8605	9455
5236	3259	117	8963	8693
6538	3556	7373	7675	2817
1602	2110	5418	1813	2624
7057	1340	6982	7727	1054
8125	8044	4433	7659	3899
777	6265	9869	7049	37
6326	1424	1096	6193	6907
1928	373	6642	2359	570
1972	7507	7009	7515	7524
4918	9094	6652	916	4492
1876	7943	9548	957	9156
3904	3393	5232	226	1344
6692	3993	5172	4309	2190
3562	9457	3572	3546	8681
6709	8100	8777	1943	8350
3769	5455	2936	4895	4578
3311	4107	5011	1834	8152
2714	6512	8145	729	2234
9451	5928	3290	1851	652
1705	6230	4817	5816	2295
2047	5208	6615	99	6740
2225	8472	5110	2348	7474
7073	2426	7312	3663	947
6834	9013	1812	9556	2755
4221	7134	6896	1178	2616
6220	7248	2409	5450	4562
1975	3458	7882	5003	6147
8431	8998	4762	368	7006
5160	5442	3480	5002	3372
5871	2955	8686	4684	2453
2720	2853	2047	7120	9078
8285	6049	8732	6127	5707
4163	296	4030	4749	8770
406	3043	4118	2834	5937
8705	8900	1453	1798	3741
8932	3611	6985	2406	9099
2139	5917	3168	8921	2320
7591	3632	585	2264	4577
9440	3139	4490	8208	6921
146	867	4134	4041	5500
253	1968	1338	8683	8196
3475	525	9471	6007	6066
5873	4162	895	2924	9538
5407	4988	821	5363	2732
8841	3167	6226	7906	7545
3615	7444	8808	6359	8895
8298	2784	9471	8185	805
2418	7876	2383	4192	6019
4490	6671	4014	5728	4624
9020	9366	1977	3855	7532
6404	5492	9784	690	3452
4227	6027	9199	7072	5576
8757	3043	1865	9764	6798
4606	7535	5953	4842	971
1328	270	1729	9848	6470
7832	6648	311	71	5503
6087	2144	1674	7213	8724
8577	5139	3436	7783	8286
9077	8723	407	7643	2560
5956	6459	2111	4458	3461
1135	4794	7537	6246	7909
2940	4843	35	2190	3137
287	9308	668	4879	2293
6454	942	1908	7011	6057
6460	1437	1121	1404	7943
7805	4899	9985	4199	1913
9204	2874	8674	3066	4828
5689	9	9285	5204	4392
2605	2232	9470	3929	2833
6541	1711	6236	9160	8380
3894	9646	9377	3163	6295
1656	3771	3107	351	7632
4078	9655	6270	391	4048
5781	797	963	8453	8124
7110	3231	9233	7061	7453
4074	6955	7690	3689	5461
7281	2720	4513	6746	2711
3248	5632	8265	354	1929
9655	6512	9575	7259	4743
3368	3324	3574	831	2487
7519	9079	1977	605	7570
992	2874	4231	104	7283
9020	784	2430	7553	2681
1897	5182	5720	3664	4475
4262	6181	8985	544	91
4406	5557	4206	4856	5988
4189	7854	6383	3867	2951
9692	9105	6544	2317	1590
2205	897	9606	9311	2997
1930	8434	2056	4069	166
7484	7133	971	3706	666
5604	1012	4517	5597	6430
9699	8978	2255	2468	8352
3646	832	7579	6732	4689
9139	9707	3376	1502	571
9304	7534	6602	7863	6181
9743	3737	3022	8872	6341
6569	3912	6809	1930	5752
983	7012	2717	9967	1172
3169	4787	5206	7342	8989
7568	3888	7259	7514	1743
163	7325	6378	8150	9680
7551	4014	3352	7874	5844
2259	8901	9299	7854	5234
9995	7663	9550	6927	5370
4148	3792	7333	9376	9452
4041	1828	2270	6648	8736
1409	8224	4998	2220	4417
7860	9513	5607	8811	5276
397	2288	5854	5966	2124
2380	8429	2765	2395	2664
2571	2719	2682	667	7570
6649	5917	6943	6626	7260
9274	9878	3118	7931	1
8907	3687	6438	2003	8884
3592	2756	1016	8412	4782
1444	3961	680	9148	8818
1182	7990	6699	6041	8145
7980	3745	3100	4568	2724
2203	1569	9807	5511	9754
5597	1123	4324	1546	7809
9396	2350	5916	619	722
6048	8972	7121	796	3213
5232	5216	7672	806	3685
8193	9364	1290	1722	2034
3162	260	8093	6184	4825
4153	525	1644	6263	6031
343	5601	6252	7826	7886
7537	6830	7891	4919	8968
7870	7035	9344	8400	6256
2465	5468	1882	8471	8675
5503	2519	1839	4203	1860
8627	4819	3174	4620	670
6003	6068	3504	591	6581
8792	678	4967	1614	8257
1879	5297	5851	5603	3688
8343	6355	5123	1558	661
69	5304	2580	1927	8178
2085	8315	5476	5719	8353
5376	441	7433	1130	1268
8734	4041	4572	7961	7155
247	9468	9049	8765	7153
7374	7773	3084	3806	992
5856	5448	3947	4414	1182
5194	2315	3594	7407	6198
1423	6273	1444	8073	2586
106	5806	5422	9116	1358
3739	7716	6684	147	209
7111	9335	6943	5040	4759
8499	2278	3663	1910	7387
8566	7563	7612	9150	1503
9149	8017	6648	8113	3047
8334	4450	1078	2748	8755
9481	6763	6898	1235	840
2167	7162	3979	5659	9082
7627	5906	834	4438	1628
3658	3196	2582	281	4497
5186	3526	3395	3372	5093
9005	4704	3926	2383	5309
4238	4116	8341	254	6299
7989	1085	3045	7920	9308
2803	3876	476	5213	4870
5741	1019	1889	2755	3785
2969	6689	8388	7373	8100
9956	6378	3056	848	5542
6661	1713	6101	4815	4969
8056	3359	7989	4087	8270
1271	5225	7934	3261	1594
2269	9167	7673	5876	98
8792	3639	51	4071	1438
7013	368	583	1944	3717
9988	1258	8642	8628	3047
7125	7302	3705	7000	4763
420	8428	8616	2737	7325
1640	2640	6351	8529	5250
3473	2932	7375	6469	317
1469	3177	5177	7646	7942
7143	142	7381	1596	3583
9002	9539	8453	7955	8984
7451	515	3897	2652	1381
2477	1008	5175	3004	9952
3	8466	3702	5334	5055
2989	358	6878	6627	7768
208	3755	1780	5743	3471
9165	5800	5725	4880	7355
4309	1203	6518	567	8837
6912	2323	8565	1972	303
648	2922	4569	3358	4663
5005	144	4245	7337	2165
4708	2389	1668	9477	4866
2619	3766	5983	9238	1063
8700	2602	4117	6020	2576
6633	369	6750	2326	4731
780	3566	1991	4699	9449
9916	8959	4581	277	5158
7491	6646	4041	7374	8249
3648	1545	1174	44	5549
9085	4341	6105	4181	3613
9001	4440	2425	7824	5542
4716	6110	5693	3517	2674
5377	6825	8708	8133	8627
2683	9473	2609	4307	4804
8626	5336	5656	5621	4292
4713	9489	4958	943	534
2043	3564	3688	1519	2026
2402	2403	8687	2286	9281
1747	9460	7141	4828	6163
2192	720	9486	1200	3748
3623	510	3308	1901	639
417	5802	3959	5383	7134
4264	7602	8839	4100	7339
5746	2767	8462	2931	1871
2392	1113	2398	5976	7779
9207	7923	2585	3894	1804
1483	6592	5537	433	1602
6481	2813	2206	3314	8374
6055	4477	5954	7982	4689
8955	4285	1502	6000	6009
5616	1154	8670	593	2701
6512	2652	3627	4358	132
564	4797	6679	7435	5714
3331	9816	5737	5478	666
8383	4832	4954	2164	1794
4489	4578	3441	1928	1547
108	1813	9965	5758	9880
491	2024	8386	5245	5636
22	7055	7889	6764	2424
7630	5516	7038	7034	7423
7878	3246	1974	3526	318
5392	1476	6593	6002	8650
7427	1550	4600	8050	6166
9255	1929	4138	3297	2162
424	8833	26	2918	4437
4926	7018	2026	6888	5979
4491	3106	6018	6349	573
9516	5910	8143	5417	4140
8696	7596	6983	2901	1325
5753	3835	390	1223	3864
2393	7182	6501	3806	3725
467	4558	2400	4301	9327
2145	258	3477	3347	6388
8394	8889	1869	9967	5900
6998	2486	5386	9345	3760
8482	3696	8790	1788	8142
6739	9012	8709	3156	8426
3321	1676	8621	3862	127
8035	481	219	7886	2904
3544	3813	7157	8040	1696
4772	3859	6793	935	959
6350	513	3953	5856	9609
8458	6483	4885	5048	3038
4966	1101	5187	3723	1273
4877	8305	7001	4349	180
9	7808	73	397	7719
7445	4017	3943	8516	7731
61	7156	9792	5636	4224
4769	5560	129	2196	35
7256	4287	9436	4481	9176
4096	7396	4679	7768	6718
3030	5640	311	6457	3123
1179	3128	2623	6312	9510
2420	3255	4116	1800	890
1872	8621	2555	2174	7786
5150	6019	460	211	1067
4631	9677	5007	4977	4314
6187	4313	1102	7637	491
8558	5315	5212	2902	1111
7344	5089	9685	5301	8223
6359	6248	6026	5719	6335
1401	3128	4134	3388	8096
4361	8804	3534	8666	2912
4740	1928	2931	8759	6145
3119	7400	2155	144	1334
201	6424	9035	6370	1624
6117	2765	2497	1270	9376
6930	6872	4604	4444	4297
8902	3994	7091	35	9499
3820	8375	1159	4987	189
2386	6085	3249	8088	7218
3144	6617	4250	6361	861
3994	8618	6407	4073	7499
4441	2879	5214	8714	6571
4386	8965	5191	6370	2890
8262	5801	8936	4399	825
1377	2682	3626	972	5593
3963	3654	9599	2387	7646
1861	7290	6933	7350	791
3156	1523	7763	7753	4179
832	4329	412	1999	7756
5124	327	8551	6309	8360
3281	7689	2807	2181	5862
3564	8022	6895	4208	1970
8582	4418	3504	1511	5662
8473	8948	215	7827	1521
3125	2690	9704	4584	5907
4560	9649	6668	7	8721
6648	1902	6131	6273	6034
6120	5711	3340	8543	3862
5741	8662	261	2519	2855
3879	1426	1278	2360	485
3547	2052	7042	2013	7403
3570	5079	8498	9787	9349
8241	3848	4441	3830	4243
2638	3964	3527	5607	1913
9495	4514	998	5597	6120
643	2413	5204	8765	7776
1337	2515	911	3296	6930
2813	7677	6034	6052	5058
5352	8420	9840	7992	2933
2843	6858	8957	5290	2757
7101	6300	3754	533	6730
202	5523	9078	6095	5708
2200	6844	5764	7663	6813
1931	4883	7340	7939	3716
2706	1160	30	1653	540
6909	9788	2812	4039	2814
7728	2716	1957	3945	5960
8289	8778	4835	6404	8395
5435	3675	1699	8246	5632
9392	2072	985	747	6243
1926	162	9150	2430	325
2174	2411	8584	6738	6559
8117	2147	6552	6520	5012
3196	9606	4579	3362	2015
1020	6512	1409	9175	323
206	7809	9296	3544	3372
2875	2487	5979	1275	2801
9118	647	2182	4278	9868
4557	2326	7150	7252	738
5643	855	8552	1071	4457
1207	9401	6072	7977	1
8433	7159	2122	844	5150
6838	3628	483	2990	4928
7770	3219	5488	8572	6325
7248	5035	317	1723	1924
267	6832	2817	929	8190
2570	4176	9741	943	9457
9656	9496	6577	965	2586
942	8170	5289	2461	407
8979	428	5177	9353	610
3652	1731	5710	2768	6072
4408	6037	1136	7607	9046
2786	7424	7681	4758	7432
3703	5559	4509	2855	5348
7282	1533	8192	4358	9201
7506	7670	3885	6868	291
3097	1861	4632	2495	3256
9540	64	2505	2927	6080
8716	7988	7444	7988	8471
8727	6591	9678	9621	5322
2130	3809	9262	2659	6668
5365	9581	1707	1063	3874
4889	5527	7363	3553	9379
4734	572	8272	8262	4109
6310	2486	1979	7742	3143
9688	6392	5054	3136	3252
5959	1419	9293	7237	8038
4018	2422	3571	8187	9034
1870	9108	7093	7787	8700
9462	3805	8786	3625	1397
449	237	5187	9152	2906
4027	2658	2592	2358	5530
7450	3589	2186	9717	654
9521	3714	5343	2520	6997
935	8107	6250	6951	5121
2370	470	302	5052	6313
9667	927	9097	6092	9974
3319	7352	481	4611	1555
5931	2347	232	9396	1729
7433	6037	7445	3676	1169
5880	3380	3898	5434	8988
187	6301	6059	3592	2455
6403	3346	9277	3066	6692
7253	8546	7770	1407	5836
8335	5590	6875	6412	330
3618	4864	2249	3453	6123
4391	1145	9924	1368	7041
9953	2156	2210	5028	572
1718	3016	4699	7948	3827
6813	1310	8432	2804	5305
336	9671	1149	9977	2890
5853	4977	7561	6640	938
5896	2273	5540	6122	6368
3401	9996	5161	8751	8118
7027	5331	8679	8601	7479
9280	7070	5733	4044	8775
2706	581	2400	9739	6054
5968	6939	9027	8794	1807
9003	8523	3782	3039	6685
7147	7785	5335	356	3619
6066	8594	2634	4092	8908
3402	6204	9178	4935	6020
4887	7697	5436	8718	8042
4608	7176	2941	5082	645
6628	6428	4676	1202	5197
2000	2485	1754	1638	6424
5737	7448	392	2469	6222
5493	6642	1967	3661	4069
5847	5986	9509	164	7353
7412	1153	5369	5582	5138
9874	4168	5832	2390	22
4021	8092	2681	7525	2862
3724	746	1913	7527	7932
8254	4428	3844	2567	2261
2759	6210	1396	2955	205
4431	7181	7752	4309	8903
2223	91	1062	3539	9404
759	8626	6188	216	4768
1607	5731	418	3817	992
4662	8598	9448	1678	3274
2771	8414	232	5336	7929
3677	3504	7518	4651	1820
1313	1069	2635	8786	1408
251	9285	1413	629	1762
675	5305	2965	1458	2882
9291	7957	5662	2368	1428
2084	176	7262	6126	1217
578	412	3657	9285	3506
3526	4013	577	6203	6008
395	3765	4692	4820	4674
3024	4192	3281	8396	6804
9587	9685	531	3397	2993
6694	7391	5665	7875	7162
5515	7616	8758	477	9901
8957	2568	9331	5685	1552
5997	6385	8600	5460	8618
9843	9374	2701	6504	4274
8528	7805	8646	927	3568
847	6845	1190	4188	7016
1231	2931	3967	4490	9025
7264	5076	6684	3784	3884
763	5182	6146	3952	1927
3538	5923	9050	6023	9534
6977	3867	7393	6607	2107
6883	8922	3332	6429	2930
1189	1269	4582	2203	7887
8205	1746	4784	8307	3836
3556	8912	4815	6462	1861
7413	9128	4158	1341	3060
554	5413	9995	2805	2597
1978	5717	2263	7686	4766
9443	8973	3497	8353	8410
8825	4316	3299	1924	652
6820	5702	9809	5746	9501
177	1632	7207	3938	3650
6042	2542	9006	8398	7718
246	3832	3244	1610	500
2721	9336	7799	7292	9896
6769	4604	7967	2365	3120
222	2603	1796	2883	5930
6220	2713	3279	1804	798
1697	9407	763	1266	9760
3210	7120	2615	9673	8480
9857	3376	680	2548	8107
4779	671	778	9072	5418
3378	7212	2281	8286	140
8395	4918	7818	3721	8272
8531	2131	193	886	232
3595	8549	4310	1717	9886
8807	115	4103	547	976
991	8407	6056	6215	6620
81	2914	1043	910	1234
3897	4319	5930	7727	5725
7995	2286	7580	1332	9323
9086	7424	500	5567	440
3709	7736	4237	8743	2419
8930	8933	7233	5729	5586
4306	5114	3110	2960	6098
2661	1254	6289	439	1716
4672	3382	8809	8163	4486
7019	8484	5668	6323	5281
1048	9576	3970	1665	868
8016	1553	7262	7144	650
9256	9880	5417	7766	7956
2144	7948	3673	2972	223
3424	7114	1667	3249	5235
2071	996	2572	237	1074
3499	7800	4094	3173	4786
8482	1704	1865	1212	5832
3609	4794	2013	8013	608
5091	7026	1624	5364	9499
203	8330	774	2234	1627
8631	4100	1942	611	6004
2946	1913	5361	7576	8801
8445	2149	6458	45	9355
2664	169	8811	9751	1048
1095	8404	1016	3343	1855
3526	2893	2496	7997	8755
4463	4422	5462	65	3245
6365	9780	4207	1360	9051
172	7032	1511	5465	7402
60	4229	33	1863	986
2377	2074	1095	957	58
4767	1378	7905	2830	1766
8081	2263	4401	5051	6074
568	4104	8036	3852	4960
5472	6822	3335	3203	9130
2634	6320	1478	8823	8319
9326	8129	3128	6939	6021
3337	3825	1143	4948	6440
5898	3645	6550	9956	1353
4935	6200	4086	9652	7186
106	2688	4995	3692	9490
7936	8708	1580	4637	9868
4516	359	4720	9391	2010
4880	9743	6142	1010	1172
1434	5482	9710	4117	7057
8532	9677	4507	8008	7689
3063	7819	7525	8427	8881
3410	3200	6169	3261	8470
3054	8867	2310	8893	5124
7203	4732	6681	3667	6686
7353	1293	868	3905	6328
6499	359	1896	6760	95
9262	3532	45	8203	9995
7756	9700	9081	6785	8719
2804	4366	4625	1622	9353
269	3821	3598	1226	9387
4872	2764	9090	6178	3547
7534	3033	4140	5522	9768
8708	5273	8365	4910	2523
1130	2876	3659	5268	3174
442	2379	6214	8621	2195
5075	2773	1873	1717	4770
6846	2510	1590	7311	9581
3330	8638	7112	8973	5481
2214	3747	9583	5386	3083
3833	6884	3020	5054	4854
8096	6989	1635	5669	6141
1733	5696	1792	4390	4238
996	8003	5812	8101	3964
977	2198	5363	8619	2439
6603	2890	1041	3728	7137
9580	5368	4447	2771	6623
3535	8969	850	5296	7644
6742	7932	3359	9303	7529
5184	356	3140	675	6057
3883	1016	4947	9569	1426
9157	9262	906	3208	1224
688	626	3855	6117	116
1210	2556	7656	7106	1424
8413	4025	181	2888	7410
8304	2764	7440	4287	839
7345	3052	6719	9805	9535
1524	8248	9668	5983	5849
7697	5839	3288	2834	5272
7997	8445	5801	1917	4294
875	5598	8473	693	111
3125	874	9959	6803	5618
2775	2211	3169	758	5920
6380	1030	2753	8483	8669
9001	1419	7473	105	8817
3424	9294	1833	9343	5762
2436	6750	1199	8617	3408
7708	8329	2710	6324	8424
1014	8313	8377	9626	673
2623	558	4816	4628	4290
3079	1017	7176	577	2852
3896	2958	6161	1991	691
3091	3558	9674	4935	802
9651	3341	9916	449	2511
3498	8372	3235	9985	7952
8474	1400	5329	38	9811
969	3832	2096	2919	1965
9594	2600	956	1071	9754
9913	7354	6014	2956	7019
8990	5868	7959	9891	7246
8052	1641	7098	5621	2567
1506	6973	9407	8342	9601
6080	6575	3949	1387	363
4425	1926	50	2472	80
1115	3626	9449	1519	8259
7047	550	6363	5997	9107
1229	6228	8869	2485	2767
2629	6166	6504	5456	7049
5787	5685	4068	9055	5903
4593	3370	510	1871	7939
4952	7854	3208	45	4870
65	705	1490	449	2588
4405	7669	1596	1395	4996
2172	9287	6432	7657	2147
6192	1939	4487	4879	2329
9258	1431	9886	9218	73
8709	2993	9752	1225	483
4988	828	6087	4906	4147
3798	4119	3749	2128	4207
4476	8103	7971	9533	5624
7626	3869	4436	1369	7407
8967	4314	3368	4303	4261
3454	6569	6224	8612	9792
7473	9149	2928	5116	4186
9911	9130	5212	8985	2445
6624	7478	5223	1998	4595
3304	505	3798	4006	8027
8026	5036	3676	7065	4168
5532	218	1355	6261	801
3262	9073	5846	5770	8539
5465	3848	35	8178	3367
4117	8531	8627	9580	3659
5825	8943	3443	9817	2155
1612	5303	3150	3416	7344
9662	685	3312	4030	5198
4950	6868	1845	5012	9096
9243	8378	6978	1271	7043
1556	3781	2008	5809	9464
4978	5233	4524	9000	4731
7045	2712	3815	7869	1062
2992	1496	3501	2575	2644
9498	4728	6357	6699	997
7294	5947	6329	7354	7641
747	8835	5434	2086	2445
8618	3352	7248	444	8459
9146	4308	4361	190	7513
4704	3629	5149	9472	8734
2533	8612	6219	4724	5612
7872	450	9561	7130	4989
3779	7267	3495	5386	937
3313	9203	424	2410	9781
2032	3125	5596	884	4802
9969	6568	3410	35	7899
8070	1967	9711	5613	2674
2573	2314	5156	7460	7527
7954	5333	4632	8541	8037
921	4410	2095	4037	14
7374	5248	6544	4460	9550
7517	7875	4084	6774	1912
422	10	96	4473	8435
9096	2404	9938	3974	431
8014	8121	7521	2343	9338
1705	7803	9072	3372	5319
641	5894	6159	1476	3416
2742	4048	8889	1078	8045
8713	25	6204	5136	6276
3744	9685	7260	703	5786
7806	254	4495	7905	6907
2018	7485	8552	6113	129
8300	3327	7969	802	5428
9364	3344	9989	9882	4871
3245	7990	6451	1590	2110
6526	3563	453	4664	552
9410	8534	5514	1878	911
7647	2225	4782	583	8053
4336	9374	5897	3573	9036
9389	866	2843	523	1327
4687	2831	7459	4162	8805
8298	6293	6518	7409	3744
3665	5117	3966	8029	2884
208	4796	5278	2693	9110
5859	6282	5297	6258	9677
7171	8989	7166	9020	974
6187	9152	9375	1771	1724
5328	9725	3930	6656	824
9127	8919	9546	811	6982
6770	5279	2848	4385	3180
8489	6932	6784	3002	3623
1962	3635	2633	7136	3104
1607	928	9504	951	5208
6695	5274	9698	4849	5032
2263	2282	134	9763	6947
3870	6242	9018	7742	1341
1384	1478	8424	3216	9819
6331	4847	4975	2747	2729
4772	4745	2013	2182	237
668	9222	3575	55	7094
7935	6519	8059	2021	4797
8995	313	980	4572	7944
8962	4911	4260	8495	2523
3149	9629	2248	3335	9932
5164	3005	2929	3693	3581
9752	9066	622	2680	8137
8847	6196	4322	7625	2594
1044	2297	8893	7535	4617
3277	5614	1692	8868	291
2785	1373	4024	9387	4977
2796	4154	4017	1587	1804
7728	345	2767	3596	2682
2468	5557	5232	1934	20
3766	6972	2577	1393	3670
4429	1139	5036	6389	8560
5304	8226	1047	8089	1391
852	4674	1198	1452	4838
4817	6562	7773	9873	9702
4144	2760	1499	2458	8597
3341	7450	1323	3864	8859
1076	1278	3682	7967	5725
980	914	1870	5885	4071
7088	5952	9741	4121	727
4598	7090	9782	4674	1738
3985	2508	2632	6613	7232
7667	978	5797	846	7874
9301	7241	3854	890	1681
8802	6315	7146	9927	5405
8943	5051	256	7869	3485
2402	1858	5193	7588	8317
6878	3516	2648	3049	6787
978	9563	5575	1947	1595
7508	1980	4628	911	7916
3272	4175	1401	1602	487
8014	1709	5938	7619	7339
5296	4898	9484	2106	4447
2605	5070	2001	2877	662
5882	8069	3503	2739	9829
2990	862	4381	5970	6601
3245	6576	3077	1459	7189
9070	2834	9373	558	2084
3254	1290	5245	4951	8842
8796	569	2125	6841	9027
8546	2230	223	9781	9477
9910	2456	7261	7040	2970
3986	3689	3258	3290	6738
5934	9199	5663	1239	2360
2327	1071	783	3345	4309
4815	8830	2652	2341	3746
477	8887	4544	3787	2059
8922	818	9858	6060	1687
7694	9231	8579	5920	9212
6804	7129	7329	1264	2041
5278	3821	5696	7331	4965
4733	5987	9127	7703	8457
4788	7624	7110	3464	9959
686	4503	816	2331	8520
3656	4576	7973	8283	9569
5362	9099	7311	4152	8261
2381	7866	935	6091	2960
8501	387	7791	5859	2963
2756	905	9454	4518	1124
914	3041	6341	744	6984
6164	2416	5040	1027	2728
1236	2535	2325	6708	121
5480	8473	6171	734	2428
8658	5605	5523	6243	3002
7500	5185	7798	518	1416
4266	2904	5837	5336	3256
3779	4450	2739	528	1457
4653	39	8139	9682	841
3568	4853	512	2883	8320
5579	9930	3342	8443	1099
5985	6366	239	4647	5752
5358	2280	6241	9412	4837
985	7110	6949	4947	3660
6266	1100	2160	1833	4395
5634	6403	5913	5093	9204
6353	7543	5254	6143	4232
8515	4041	7523	3750	7260
3211	2422	5872	1290	5939
953	1253	5275	9905	9874
9271	2090	6938	4822	3514
9115	7976	4996	4820	7426
419	5357	3776	6956	7231
4472	7636	8184	9985	1557
7711	9844	3126	282	7801
5822	8230	9632	8558	9493
4012	7370	3126	902	8617
8719	3325	7214	4567	3010
9293	9964	3370	9032	6583
2557	6891	9621	6173	4765
1098	4901	5077	3861	663
8164	3353	4049	2526	234
3911	2623	8128	6406	7598
2292	358	5802	6477	3683
9224	5875	7934	506	384
5062	623	4607	1638	8455
226	9866	3737	9585	7645
386	3024	5652	3809	3938
4488	7653	9491	4482	8918
9309	8193	4546	3697	3551
2405	8804	5573	6616	1461
907	2075	7077	834	2781
368	4270	7409	1143	1816
1604	9021	8575	9189	570
7885	1445	1333	9065	6044
802	2339	9791	832	8876
5498	5544	3049	8429	8420
65	398	2819	5298	4500
2999	5694	7596	6316	2976
8212	4929	5431	1744	9012
4585	2227	6221	408	4425
5586	8106	445	9910	4534
9058	8322	9371	7813	1846
8543	7925	1035	2789	9742
3091	9082	949	4165	9258
1197	1907	9460	446	7710
4319	7217	1609	7595	7795
6539	9131	6319	6986	970
263	4126	6485	3391	7688
5844	8582	5412	2935	3985
2067	238	1482	3236	6407
607	9050	5195	9126	4618
8753	1974	5795	3516	7685
6052	4086	1559	7001	4928
8394	9493	3344	4126	9285
5038	4606	9582	6464	933
7064	5558	8095	5971	4120
1987	4125	5041	7941	7997
1658	8519	6445	2975	5487
5648	5774	7777	7290	439
4370	1451	3525	5547	8705
9025	407	2118	2846	9806
7408	5602	3880	2009	5922
684	7743	5989	5181	5693
7312	8363	3870	2298	7868
576	5362	2124	831	5758
2619	9671	5616	6231	7005
1837	5952	5373	8504	8007
7569	7619	1592	9496	6305
9886	9867	5936	6116	9803
3857	9806	6419	6542	6697
5401	2433	9481	1903	1794
1875	1778	4732	8607	3054
8415	9956	5248	8868	7664
1777	683	5607	1357	5619
8354	2778	6708	7355	2033
3631	4898	270	1937	3654
1345	5541	5638	159	3149
7082	6782	3779	3344	5244
460	608	5670	7041	5304
2078	5885	2785	2452	5391
7609	3542	6784	9213	7541
4614	6176	3900	4276	2309
503	6045	74	5377	6033
3510	2146	9677	4778	4414
1679	5023	3962	3076	8059
1113	7719	401	6676	1068
2664	3042	5757	7423	1146
1499	7355	191	1528	4592
8661	3946	9181	2163	3955
2301	5854	6863	5887	7567
91	1639	9082	2811	8166
8350	58	6628	4457	7051
5284	2535	3165	7154	9722
4050	3613	5870	973	5581
6206	2962	2380	4091	3779
3268	1811	8222	7968	4777
898	2198	4149	1764	1936
1694	476	6178	2408	1568
4418	1323	7102	4954	3169
6447	4869	4836	5657	6899
7686	6803	8553	6481	9073
425	5996	8266	932	3932
6371	2322	6622	5964	7352
1759	8166	5406	1688	8211
4036	5528	9962	8793	1455
8091	1655	7137	58	5161
2170	1506	8083	7067	2271
5984	583	8136	2731	6369
9750	8270	1651	4596	6783
3034	2773	3514	1503	7526
7094	6929	3836	2936	2355
6650	1155	7760	4286	5983
42	5977	5893	8546	4830
8405	6717	8747	2672	961
3029	5311	4399	9332	8779
2279	9159	8987	2149	6792
7419	557	5108	7140	8580
6171	2945	6144	2316	8077
5930	6900	7709	5050	11
6317	1458	5103	1236	1649
1178	412	6028	2448	3073
9159	3141	5752	6017	80
273	9761	8417	9488	8500
4818	2660	1960	6630	5537
1137	3479	431	2090	1249
4696	7454	7813	58	7310
5881	7453	6296	7561	7437
1659	3559	1587	7056	4536
2787	2412	7287	2778	878
5454	7629	871	4599	3519
4330	9398	9207	8794	3706
6002	7766	5736	981	8393
2457	680	8375	9444	4015
1265	2000	7768	6563	582
782	8454	9537	6391	746
9358	4365	1119	6239	2494
9551	7617	7468	2138	4816
6483	5403	6519	1268	1898
3358	3396	6494	4108	6768
4658	799	3187	7833	5955
3545	2077	8196	5391	7737
6785	5457	9552	7285	7415
4388	301	842	4670	9981
3511	1031	6941	6453	8188
6546	9419	9992	2670	7056
5370	7541	3985	5052	2748
5935	1723	605	7764	8803
2935	5371	4935	7968	9736
4051	3912	1069	6453	1469
9346	8824	1020	9608	4796
493	2412	3055	1059	2989
282	2258	9152	1757	1576
7942	3006	8904	6902	4357
8947	2115	3876	9976	7587
215	8367	3971	2186	4939
5678	5975	1037	9094	29
6138	3596	1602	9654	2655
5726	7859	5351	7327	7307
9995	9562	4842	6904	6279
9950	2350	3834	8357	8682
6425	3664	797	8056	5172
7629	4656	3562	3358	3686
5516	8197	7556	7377	2348
5771	9532	5682	7975	8994
7168	9809	473	5213	2253
9723	6242	3911	3999	8155
4322	3830	2194	3508	3852
150	7053	5129	8040	6958
4746	4309	2734	7246	8179
9307	3416	5702	6094	9304
2225	737	5496	9731	2439
5557	661	9261	5232	2218
8850	4674	7119	4909	2109
5591	5622	7383	6769	7191
5820	9753	9608	2456	9256
5898	3487	7282	6971	1607
4005	9858	3122	3005	6964
515	7230	9027	9875	2497
5789	641	6101	3378	3405
2611	1572	1520	2380	3966
5336	2076	861	5393	7007
1003	2918	9917	4836	6447
6518	6256	4352	492	3265
2776	1110	4398	1024	6703
1740	9185	6525	7547	4307
3048	1249	5934	5236	8931
1018	4732	9818	2209	8791
6049	5021	10	729	3741
5066	1103	3706	5553	8268
8478	8162	6794	4639	2687
9383	8361	9980	5710	3928
925	4756	6135	3061	5503
2177	5254	9158	7427	63
6823	3978	6349	6183	6755
3634	6784	1806	7380	9187
1199	3725	6923	8287	7679
5763	7127	4498	1848	2311
6892	4401	7135	8219	4595
7251	3688	9101	9163	7216
514	1992	5191	6048	4699
4508	1405	9905	4745	3790
4141	5048	958	5940	2092
3	6670	6408	8074	6058
1942	7650	3700	5813	8016
6133	8472	6207	3693	3995
8660	7544	6100	246	8840
4042	7493	8394	3712	9131
4803	5055	4233	3965	3687
4442	9228	3602	4567	8284
655	2203	423	3167	137
233	5823	5789	9076	6435
3846	6826	1173	7723	5799
4018	281	5915	7497	4224
8176	1771	2164	6396	5214
4987	5600	9716	9258	2469
5063	6420	5207	6958	6380
3782	9822	1643	6728	2700
7482	3930	2973	4071	5985
3703	8904	2106	784	1363
7930	4841	8846	1483	1807
836	9189	2374	3391	4745
4097	8872	1010	2462	7696
7023	4330	3745	6744	3425
3130	7781	6745	1515	4955
2997	6939	9112	3371	2985
7444	304	5626	8246	5009
316	7498	1745	9872	9902
1874	3764	68	7100	6838
2130	5644	3631	9009	9156
7750	1570	1272	5097	3026
3094	649	3002	692	8653
4103	6587	9309	5630	1833
8983	8548	4648	6705	3908
7073	5486	7993	8534	6228
9672	6316	5871	889	2820
4387	6751	6503	3276	2385
4385	3642	947	2615	4602
6842	5318	8180	5660	6712
6713	6218	2386	1009	4459
6846	5816	9748	7451	2529
1120	6320	1898	8300	36
8727	1911	1434	5503	3354
3984	6828	9984	9881	3463
6784	4903	1450	1877	2970
7995	1589	305	1346	3164
7032	7765	2332	6409	4206
9170	3771	3907	3929	6171
4387	3681	5808	5501	4698
6169	7880	6265	6167	7705
6846	4110	5262	2249	1055
7771	9431	9894	1515	8899
4405	1458	8786	3122	3893
972	2304	5965	5970	7979
1896	605	9566	2549	2793
9173	2052	7072	5450	1198
1086	6794	4561	4085	1647
6925	2804	1100	8202	3010
4227	8176	8577	5709	9750
3023	4432	9158	8333	793
7480	4883	7706	2131	3076
5340	9280	4514	2920	9989
7073	4982	7251	6829	8434
1757	6461	2089	6339	5790
2680	1732	3106	1112	7837
4435	7621	4189	1274	9155
2252	8131	3023	7697	7132
6622	1593	7443	4347	4353
4380	9294	3700	8508	5078
4263	8431	8711	6621	2146
6548	1189	73	9316	8202
3946	1596	8746	4398	9594
5554	7302	1184	8266	1791
4389	3578	1771	1483	1612
7823	8221	3841	56	7530
3886	9439	488	6613	4942
1112	6391	8890	2743	7471
2317	352	8280	5787	6618
8814	5328	5251	7817	9120
9519	1523	1156	5808	3140
721	9195	8187	4762	6814
525	869	9956	2998	953
2223	3549	8498	9428	3756
1703	5399	9177	6544	7771
3225	3934	292	6191	6992
6030	5933	8479	4483	1401
2469	14	2204	7764	357
9388	8897	3998	399	9854
525	8429	212	9955	9510
2990	5885	5471	8472	8554
3146	1427	8194	1780	9654
3437	1890	6155	7479	4053
5493	3115	5382	5719	4822
3943	3113	9542	6552	4432
3771	6277	9482	2611	7262
8513	8376	7290	4517	845
7834	1796	8807	1864	9279
6577	920	2385	2298	6499
6316	1831	1016	5637	3280
2358	2973	1569	3126	7496
7174	5812	4735	7394	4094
8806	1498	634	1375	9340
5492	9412	9144	591	4424
4386	5655	5860	7382	2878
5367	6776	6619	2811	3471
7480	5399	1826	5108	5997
6035	6880	6486	7550	9788
4423	7206	7531	5917	1517
3749	3407	1541	8340	3544
9835	7732	4442	113	904
7654	1545	6034	1198	7285
123	6121	6318	6466	2743
9426	5208	8251	103	4070
5756	641	7881	7466	4529
1393	6888	749	3073	3905
5302	4290	7792	568	4469
6494	3282	4401	3427	462
8973	2294	4623	471	8534
7705	6959	2169	630	7510
4673	7739	2965	7647	4218
1804	9990	5589	1006	1207
6931	6962	1984	4242	8448
4233	8531	7181	4877	2779
9888	5151	2696	8090	4541
5251	1686	526	2338	4128
9059	8269	7153	81	638
3322	4503	2877	675	4453
8067	7418	2645	9475	9498
4176	2113	5	6834	94
7609	211	1845	2782	5823
7082	8732	6451	118	3746
1276	3430	9460	6126	5811
4924	1863	3380	4842	7044
1902	8703	1351	1058	7230
648	5321	2654	8214	4870
379	711	5333	5987	3503
1189	2866	2009	9568	1976
3365	2799	6643	8151	6627
1183	4600	2702	1842	5109
4506	2631	6737	35	1050
9518	2816	7128	5944	365
3631	7183	3534	3612	3849
7666	5281	6498	6317	8850
205	1135	5248	1209	5622
7450	7059	8242	7099	2254
5514	9551	969	2262	1985
8562	7563	8535	3142	3045
6102	585	95	893	5596
4823	8976	7771	8385	3620
5733	4383	9811	368	2038
6870	935	7693	2884	7247
9099	9729	4173	1320	7640
2309	9357	8274	5203	3008
2328	1620	4051	7574	7663
268	2833	5928	2549	4474
4468	8616	997	3609	3575
6150	4040	1319	3855	8214
6026	7275	4400	7225	4324
1668	1514	1232	5293	3758
3360	1654	6095	8989	9531
1644	4224	7637	9038	6889
8901	7379	9746	9476	2494
548	544	7426	681	5046
1413	1384	8249	845	7214
8573	4777	4388	7849	4651
1672	2737	2023	1777	9839
7788	4782	4118	2678	2524
9292	2883	2631	2306	1737
9520	6115	3776	59	285
1771	209	5909	5407	4884
2751	3756	8746	9026	6679
5279	7749	9801	5552	8927
8622	7658	5493	6016	3043
2894	902	8427	5215	793
3812	3831	5943	1632	6289
5558	8641	945	8071	530
8225	5077	8049	1893	1893
6174	3597	8068	1086	6050
1612	3342	1096	6898	2091
6933	5466	3511	5520	1874
1894	777	2365	3928	4575
3182	342	4313	3471	9850
9430	5113	8635	160	905
2099	6669	1334	753	9850
3253	7724	5383	4813	7553
3322	2926	5104	2065	4198
4079	5820	4956	6906	8445
2730	4835	6032	4318	5761
6781	8774	1080	8448	365
3575	4493	4468	7407	537
8061	8995	8278	3753	7363
7044	9550	26	9953	4756
5650	3045	2138	1290	8043
6996	2223	6461	4970	4049
5839	1357	4730	7450	5961
7126	6963	7728	6455	2594
5832	8534	921	2863	9245
2406	7174	1858	628	5255
3705	643	5195	6941	5878
3289	4700	6874	3542	9783
3032	3262	8368	2247	5711
8047	8155	6048	1901	2232
2158	2565	8826	3193	4010
11	3533	3447	3233	678
7672	2453	1993	7340	5830
5933	1464	6694	3373	5653
3289	8666	1209	8014	2632
4972	2444	624	7081	5372
2332	237	2003	5242	1046
6258	4722	5497	5626	7317
4241	2409	2213	3342	8802
6092	5310	3032	5029	6711
3185	2620	7609	4318	8029
4870	5717	9591	4699	3475
6059	7314	8417	430	3772
8369	8372	3071	5558	843
2783	6401	7579	4924	3239
1048	8245	454	5646	9175
8774	5031	8135	8727	9887
7273	3623	3496	6386	4594
3780	6472	9674	7783	2347
1811	4678	9114	6436	750
5412	1	3746	5265	9577
1981	3268	1403	8719	4188
2479	6194	3075	4864	4907
1580	176	444	802	7186
3991	8766	9212	2668	2432
7695	4167	9174	2463	4009
6284	8684	1184	7423	6608
8365	4854	4200	1144	9628
3355	1385	1986	5101	8373
549	7592	9518	9494	1306
9402	2248	3766	348	6344
298	5719	1577	9907	9268
3110	728	642	7581	891
1190	3812	4961	2102	5717
5997	1322	2436	7038	5924
6686	3343	9548	6870	3534
4818	4928	7901	4430	8856
1312	5833	4108	5437	8458
2199	3270	4414	1888	5782
7373	6715	9033	6913	171
1944	8815	272	2889	9277
6580	8414	7105	7143	9087
8826	8325	8314	4962	6256
86	3673	2125	761	3191
4479	9682	7683	6649	296
5820	9348	472	3852	1271
3309	2473	5021	9771	4578
6840	597	390	9341	801
3836	9456	2981	5975	6007
9222	3566	8315	6200	5965
6733	9495	2428	1654	8240
5438	5721	2391	7928	9661
2703	1965	6680	7313	1619
919	6489	4485	2618	3546
1394	4061	5657	5146	5101
1180	6147	7851	9772	3871
4390	3386	4583	887	200
5880	7375	2757	5991	1298
8887	6125	5121	6889	7744
4183	1160	6220	3778	3093
9353	4047	4112	9525	722
4164	9674	9168	888	2001
6339	907	8276	1186	1401
961	7407	7129	2544	2708
5706	6209	5324	7657	6106
6664	4586	7076	1018	7372
2289	823	8543	6803	4656
8032	7343	6702	9749	7103
4180	5543	9527	6169	4074
8121	1026	9719	3757	2146
1078	318	1012	4781	7673
2706	720	5314	3118	2069
8399	1437	926	9294	7557
933	8212	4548	4140	8863
6112	1251	3277	6061	4838
3737	9940	8465	9247	9476
1219	3051	8015	9800	8373
89	2056	9959	5970	1574
7120	5604	7656	4027	8418
1652	3554	562	6001	3967
5143	2357	8932	5959	6581
7676	2519	7925	5085	733
7410	4437	8074	6032	8650
7038	4284	489	5751	3084
5557	1318	9405	2956	796
2522	237	657	2856	6541
6935	4391	3232	5749	960
4716	3978	5445	4275	9307
3425	6155	3092	5494	8296
5418	6291	1704	424	9478
946	8895	5646	2729	8371
2093	5096	9276	2431	1871
6442	2987	8986	1534	8469
7856	1341	2749	298	6087
3998	4046	5088	9099	9578
4656	6227	4898	6298	2891
7928	4441	6707	5841	4025
1283	4099	5425	7965	9394
9441	8757	3100	4945	4833
6689	1224	9123	7456	3481
7597	3398	7882	6779	7195
3508	9045	4503	7917	9921
8833	7978	7427	7325	5379
440	8421	2913	6863	9530
8567	2045	4936	3477	198
4540	2785	4707	573	5541
7664	7540	8258	1080	5470
1714	3073	4501	5165	2211
5749	2056	6338	2838	1324
9503	4221	1832	7586	4563
2114	9598	2597	1857	1635
3676	6709	3734	7883	726
2426	5779	7065	3523	9033
8681	2975	8018	4773	8825
1523	7535	9651	7524	424
8008	9024	8958	3946	1956
1881	3998	5584	3936	5356
8822	3083	7079	7674	4613
4846	928	8942	5793	9660
3482	1617	131	7016	4407
7005	1004	9223	3337	6550
5668	1378	3006	3352	5705
9055	8486	6191	6961	9078
4103	3362	8612	9302	2358
5423	9966	2876	6484	7650
183	6401	3197	6233	6641
2194	6000	997	3578	7129
9292	52	6420	9543	7825
7865	8354	5139	6801	9348
1568	3707	2950	9600	3813
2815	8494	8132	7645	9106
289	7309	8113	9263	7887
1382	8150	6503	2242	9404
6747	5434	1081	8884	9101
4939	9463	7504	7236	7832
6852	1557	5890	3730	4345
9166	7391	6396	2461	2189
1325	6127	2582	8515	1169
4398	6206	9853	6308	1019
823	8487	1621	750	5857
5063	2194	2003	2993	177
7711	7854	3108	2674	5373
2780	6121	1950	836	3475
5766	7686	9381	8030	7011
9567	3560	4150	9348	2599
4664	1813	9272	7488	6724
3632	5576	7117	194	4020
2721	8518	1069	1084	1560
4057	3958	433	5181	6893
7830	3812	5645	9047	6331
5911	236	8965	4097	2394
9588	6992	1389	9858	8385
1276	4354	3296	8798	3270
6641	8364	2369	1642	5721
8230	6148	8563	5827	5940
696	6376	295	2213	3077
4263	1431	4958	9175	4957
9826	6894	9227	1512	2961
7363	1845	4803	7017	3428
4039	9881	3018	7060	8207
1285	4896	2231	8269	2003
4924	9237	8203	8676	9265
9111	7120	8853	7946	7118
4171	9078	7140	3189	8384
2707	4730	8784	480	5873
5781	7500	4682	7585	3254
7919	8041	8896	1932	4639
4260	9044	7770	7897	1510
3748	5906	7789	2101	426
9332	9193	6664	4381	9071
1415	7620	7814	9012	8940
8459	6174	5040	4793	1884
7178	8035	3115	6837	8468
7836	8148	7347	8642	3428
8022	1046	40	4219	6037
3416	7018	9601	6755	2294
3513	50	5271	4219	1182
5004	9651	4465	8892	2072
3212	5379	3528	4711	1620
5398	2483	8070	9776	2322
1606	3776	6525	6752	5564
9631	4284	5441	5969	3095
8831	1966	2962	135	9174
3469	5770	4925	4791	9528
9175	8589	7471	8337	5201
6425	5984	3055	3739	5988
2559	8759	9110	3868	4300
5612	6116	6210	2271	692
4767	6756	9260	7869	4150
7843	7492	939	4739	2217
1115	8635	2900	715	1903
4208	8051	4659	5640	8934
4226	9506	9959	9553	5723
6439	6996	6362	2659	4357
6260	9447	4936	803	7413
4723	6278	3697	7556	3562
6353	6227	4611	3394	7315
1018	3451	575	4892	6614
9965	7978	5643	145	9780
1825	5628	9185	5837	4805
4087	8404	9203	4304	8848
9869	9227	9513	7932	4916
2612	4403	8388	3763	9801
6219	9441	6992	9622	7147
8206	8168	3428	9576	1897
9145	5701	7080	5138	8392
3323	4548	3654	4510	2091
9993	5886	3888	1313	8732
7649	4322	9653	3690	4753
9873	7803	5777	5467	6915
4192	6173	2747	8489	5207
9539	5789	793	4098	1524
8	9412	1848	5341	6961
9366	2985	791	6787	50
347	1051	2497	1647	2433
4912	8802	4217	5031	2850
5817	4230	691	4588	3586
4629	8298	781	9273	8480
2703	1554	7122	9133	7313
6603	5325	510	6222	9581
6989	8096	2445	5715	6832
7172	9935	1100	5096	8494
2671	5810	9640	4588	164
2468	4033	5704	479	3193
8250	3955	2675	6360	5497
5904	6448	2294	1104	9877
3034	959	8947	4719	1833
1627	3395	7793	546	7105
8769	9004	1330	6703	9402
8479	104	1861	6368	1163
3516	2540	9885	8658	6231
6194	3493	2240	3157	2169
7725	1097	8335	2653	3417
3707	1767	4360	5018	1904
783	7615	7881	5407	4113
734	7146	4754	5275	986
4254	8553	1349	7186	3141
869	3041	57	9001	7537
110	1896	1258	3726	857
1628	7765	5140	8059	7729
9511	1025	9	9412	4888
8694	2417	3858	7446	1582
667	3967	4467	6780	7154
4101	3708	713	5701	9843
2648	255	9915	6459	2577
7883	5774	6129	9795	6102
7020	8301	477	5309	1011
8436	5524	8050	6274	5784
2905	542	708	9649	6409
6097	1178	7662	5992	5071
2946	6814	8767	4841	9582
3304	4945	2356	5250	9031
303	1956	1473	4823	4599
3261	3974	7152	1391	5154
5494	1896	7869	1691	6849
8336	826	533	3704	9939
6480	7161	9214	1549	8221
5201	3938	5749	4700	1209
2338	3980	8103	3214	6692
2367	6413	4312	8251	4831
8357	959	3685	6375	8595
9243	2077	2116	9274	5391
5722	9260	6699	1276	1020
7788	1559	7620	7578	5030
4984	9856	4334	9582	9843
538	8616	4371	5050	80
5413	1520	7313	331	2544
6636	6918	467	9894	31
878	1389	3508	6595	6347
586	5512	8542	3944	7585
7717	6180	5583	3611	1473
4218	4477	5892	5542	2752
2431	2038	1914	1926	8371
1492	4271	6530	6057	2626
1881	3446	2957	7238	1756
312	879	4866	5759	6607
457	3751	1363	8192	5334
1800	3521	9797	2021	8305
3837	9985	7421	7279	6106
4015	6138	5374	3676	7257
9656	3547	2862	6618	1279
3316	2649	4760	8437	2865
296	7777	5169	1776	673
3533	9750	2685	3507	4865
7241	2518	9675	3557	8369
254	2401	7736	4953	285
2283	7945	3374	6923	625
1628	3870	5599	9971	7973
1223	3324	6565	3552	2580
9933	5342	6105	9139	8412
4679	2636	8701	9458	4456
2450	5201	3556	2842	8732
2503	2246	5153	6702	4362
757	7112	6124	5941	6812
3210	8406	1027	7417	462
8563	9912	5097	7580	4353
2647	2392	4484	8633	8444
5415	7630	99	6218	1018
1155	1913	644	2627	4725
6463	3804	9415	5238	4325
7746	6930	3038	2879	9516
5200	7670	975	2814	8763
2572	5479	8302	8911	4759
9871	237	7963	8080	4196
9513	4410	6609	1314	9628
6172	6780	7817	5079	1260
6638	7601	6127	6618	9149
207	4881	6929	576	2493
4676	329	9506	6904	4959
2076	9033	3247	8066	9955
5809	1492	9932	8751	2639
1589	5336	6296	591	2592
9316	7113	2330	7315	140
8167	140	1146	3155	3001
8489	468	2020	5058	1966
6644	6341	9823	5046	2920
9908	7165	5960	8330	2716
6244	2164	1350	44	8021
7197	5101	4064	7616	1809
9008	8996	4570	7552	7623
6869	9081	5109	3365	896
2651	5658	2562	9737	3577
3883	1849	7603	8066	758
8926	4366	9376	5819	1110
3838	9516	3686	8241	9550
3795	2344	2901	1350	5122
9993	6954	3925	5529	6352
4700	6874	9775	7379	7344
8324	6778	3831	8486	7886
4212	9252	2165	8958	9392
4196	6447	2954	9787	2874
6879	8501	6134	7321	583
8106	3165	6559	8426	3209
3215	5427	5093	9487	126
6519	3091	6199	481	4693
9672	9668	3580	8717	2997
1973	7086	8433	1643	1231
4130	5252	1133	8214	4918
216	840	1994	8968	7381
2154	3159	4376	9458	3576
1024	2409	249	3111	1633
4147	1520	4222	6591	4438
8531	1572	6678	9457	95
6604	1599	9139	5184	3534
5205	2000	2620	2893	5567
554	4110	7226	197	3
7456	830	7882	8072	2759
6899	5585	4709	2532	9084
3848	7129	8861	6934	8170
6185	5681	3112	9386	9332
4016	7531	1021	6636	297
7359	4351	9267	200	4771
5768	5824	1999	7632	6236
4040	3990	1829	8470	8923
1552	6523	3993	2172	2205
6991	6600	1542	636	6377
8879	1743	8984	4127	8171
5308	3813	449	6504	271
7707	3167	8771	633	437
9292	5273	1655	8446	4547
4047	7549	545	8320	8489
9237	803	4938	6628	819
2998	5518	2756	6198	2783
9905	3956	6237	7288	1204
5966	8742	6309	7087	7462
8163	1186	39	9802	6956
6674	2093	7079	2552	6506
6436	9450	3443	7389	1116
2004	1982	796	2309	8094
9324	6612	9591	723	9304
5242	4751	4884	9147	5248
1579	6496	3826	4487	4345
4950	3085	2125	3854	3293
4865	4029	8272	858	2309
6165	6298	4073	7494	3485
4185	8278	1749	2478	6998
5501	9931	3573	1023	5554
3437	5040	1570	2676	1189
9493	8959	3214	4810	6011
7072	2363	575	5206	4188
3547	4852	25	9721	2354
2408	609	2586	3797	1014
